1073741824, 307.934612, 152.164446
536870912, 154.341011, 75.401492
268435456, 76.933308, 37.652742
134217728, 38.817314, 18.946612
67108864, 19.530682, 9.430076
33554432, 10.057798, 4.701858
16777216, 5.350117, 2.377673
8388608, 2.975892, 1.187471
4194304, 1.804514, 0.585951
2097152, 1.240458, 0.295832
1048576, 0.939910, 0.146365
524288, 0.792791, 0.073602
262144, 0.720440, 0.036849
131072, 0.689664, 0.018623
65536, 0.668350, 0.009442
32768, 0.652320, 0.004774
16384, 0.650282, 0.002383
8192, 0.650795, 0.001201
4096, 0.646395, 0.000631
2048, 0.645277, 0.000336
1024, 0.644167, 0.000189
512, 0.646204, 0.000119
256, 0.647131, 0.000076
128, 0.651716, 0.000060
64, 0.674862, 0.000065
32, 0.679956, 0.000046
16, 0.689950, 0.000049
8, 0.704787, 0.000042
4, 0.738853, 0.000046
2, 0.882240, 0.000045
1, 1.026739, 0.000039
